world: 072eca7c-c43b-4aa6-a9d2-17fd64815fdf
x: 3579.610687518668
y: 73.0
z: -1818.9535920579956
yaw: 153.6728057861328
pitch: 10.649629592895508
name: Airport
lastowner: 93a3ef35-43f9-4c0b-9608-e79a8e915615
world-name: world
