world: world
x: -186.3640491750058
y: 69.0
z: -1181.5200906606556
yaw: 270.91583
pitch: -3.3620992
name: AshfieldCentral
lastowner: 0d33e85d-575d-4247-9f17-f44114d6a426
