world: world
x: -2180.4664793947536
y: 69.0
z: -966.4971019517097
yaw: -4.2437134
pitch: 11.688002
name: AshfieldWest
lastowner: 17b65a67-f96e-425c-a184-477f067c53f9
