world: world
x: 565.4480574291644
y: 69.0
z: -1413.425883895621
yaw: 89.90378
pitch: -1.198867
name: AshfieldEast
lastowner: 17b65a67-f96e-425c-a184-477f067c53f9
