world: world
x: -1100.543698697543
y: 69.0
z: -18.476209023056935
yaw: 359.75473
pitch: -0.06698026
name: Baronsbar
lastowner: 17b65a67-f96e-425c-a184-477f067c53f9
