world: world
x: -1074.62003039281
y: 69.0
z: -1095.4594580399246
yaw: -251.50587
pitch: 32.066147
name: Clinton
lastowner: 17b65a67-f96e-425c-a184-477f067c53f9
