world: world
x: 2366.4003081600235
y: 69.0
z: 246.54609839359307
yaw: -0.29680753
pitch: 22.065176
name: Dawson
lastowner: 17b65a67-f96e-425c-a184-477f067c53f9
