world: world
x: -565.423422185017
y: 69.0
z: 770.4893632521113
yaw: 181.8263
pitch: -3.3620946
name: Deltapier
lastowner: 17b65a67-f96e-425c-a184-477f067c53f9
