world: world
x: 141.33920444269455
y: 69.0
z: -473.46851890570787
yaw: -270.3646
pitch: -0.900077
name: Downtown
