world: world
x: 725.3000831201983
y: 69.0
z: -473.60935365520703
yaw: -89.766525
pitch: -0.55207396
name: Eaglepoint
lastowner: 17b65a67-f96e-425c-a184-477f067c53f9
