world: world
x: -1029.432627785739
y: 69.0
z: 1264.131031781385
yaw: -265.40417
pitch: 22.236694
name: Epsilonpier
lastowner: 17b65a67-f96e-425c-a184-477f067c53f9
