world: world
x: -326.32463068573844
y: 69.0
z: -215.48080988903797
yaw: 133.11348
pitch: 0.1499903
name: FortFranklin
lastowner: 17b65a67-f96e-425c-a184-477f067c53f9
