world: world
x: -2154.13337117081
y: 67.0
z: 756.322045945322
yaw: -14.864262
pitch: 20.00976
name: Gammapier
lastowner: 17b65a67-f96e-425c-a184-477f067c53f9
