world: world
x: 908.168856716166
y: 69.0
z: 226.22658895271155
yaw: -88.05996
pitch: 4.0311313
name: Georgetown
lastowner: 17b65a67-f96e-425c-a184-477f067c53f9
