world: world
x: -186.32805667278285
y: 69.0
z: -1840.6165881563109
yaw: 0.2612915
pitch: -1.5222763
name: Glenview
lastowner: 17b65a67-f96e-425c-a184-477f067c53f9
