world: 072eca7c-c43b-4aa6-a9d2-17fd64815fdf
world-name: world
x: -1305.1456292572668
y: 75.0
z: -4467.122900041166
yaw: -171.9405517578125
pitch: 12.623174667358398
name: gradient
lastowner: 17b65a67-f96e-425c-a184-477f067c53f9
