world: world
x: 54.591857258693565
y: 69.0
z: -1.6422340609901251
yaw: 270.07855
pitch: -2.8679774
name: HuntersPoint
lastowner: 17b65a67-f96e-425c-a184-477f067c53f9
