world: world
x: 1201.4550518198316
y: 69.0
z: 785.3608707715294
yaw: -359.85846
pitch: -0.90000397
name: Kennedy
