world: world
x: 1188.9702216832166
y: 69.0
z: -596.4522904388633
yaw: 308.168
pitch: 7.9500623
name: Lakeview
lastowner: 17b65a67-f96e-425c-a184-477f067c53f9
