world: world
x: 4741.662235714775
y: 74.0
z: -2119.3858365900574
yaw: 99.278915
pitch: 28.864803
name: Lannex
lastowner: 17b65a67-f96e-425c-a184-477f067c53f9
