world: world
x: 268.3478046794094
y: 69.0
z: 623.4668416974007
yaw: -90.05731
pitch: -1.8456703
name: LincolnPort
lastowner: 17b65a67-f96e-425c-a184-477f067c53f9
