world: world
x: 1582.603108556361
y: 73.0
z: 1379.0768560241647
yaw: 137.1783
pitch: 21.776167
name: LongPortKeysEast
lastowner: 17b65a67-f96e-425c-a184-477f067c53f9
