world: world
x: 172.8592773071587
y: 69.0
z: 1130.189218961243
yaw: 173.41022
pitch: 1.2000477
name: LongPortKeysWest
lastowner: 17b65a67-f96e-425c-a184-477f067c53f9
