world: world
x: 3555.9262739020073
y: 72.0
z: -215.58176008257362
yaw: -89.55209
pitch: 29.802895
name: LosLlanos
lastowner: 17b65a67-f96e-425c-a184-477f067c53f9
