world: world
x: -1074.37370160023
y: 69.0
z: -1840.489527505576
yaw: -359.14548
pitch: 0.07880215
name: Northpark
lastowner: b06f6db2-04e5-45b2-984d-c7bff2d1c216
