world: world
x: 5035.517780555435
y: 70.0
z: -3251.429882772644
yaw: 178.9092
pitch: 15.109396
name: NorthLannex
lastowner: 93a3ef35-43f9-4c0b-9608-e79a8e915615
