world: world
x: 556.8791844448398
y: 69.0
z: 226.5206163698657
yaw: -268.3601
pitch: -3.3188643
name: OldGeorgetown
lastowner: 17b65a67-f96e-425c-a184-477f067c53f9
