world: world
x: -436.463978230638
y: 69.0
z: 336.53681134832635
yaw: -179.56934
pitch: -3.5914917
name: Olympia
lastowner: 17b65a67-f96e-425c-a184-477f067c53f9
