world: world
x: 5490.473922588543
y: 73.0
z: 652.429810741471
yaw: -270.12372
pitch: 0.87404823
name: Palma
lastowner: c641587c-553d-40e6-98dc-77988fcccdeb
