world: world
x: -21.46284693890133
y: 69.0
z: 300.8351267291726
yaw: 0.03035391
pitch: -0.55207974
name: RetailPark
lastowner: 17b65a67-f96e-425c-a184-477f067c53f9
