world: world
x: 2152.5
y: 69.0
z: 810.5
yaw: -270.63266
pitch: -1.0371819
name: Richmond
lastowner: 17b65a67-f96e-425c-a184-477f067c53f9
