world: world
x: 4803.511559871957
y: 75.0
z: -789.3021702562701
yaw: 356.25552
pitch: -4.738428
name: RioPueblo
lastowner: 0d33e85d-575d-4247-9f17-f44114d6a426
