world: world
x: 1455.1967927738922
y: 69.0
z: 232.40784976645313
yaw: 0.022583008
pitch: -10.185865
name: Riverwood
lastowner: 17b65a67-f96e-425c-a184-477f067c53f9
