world: world
x: 4044.0658486447983
y: 71.0
z: 1585.4153037282638
yaw: 15.636982
pitch: 3.6700916
name: Rockwell
lastowner: 17b65a67-f96e-425c-a184-477f067c53f9
