world: world
x: -2181.2306060552123
y: 69.0
z: -1884.3697422664363
yaw: 207.17126
pitch: 18.149721
name: Springfield
lastowner: ea8276d0-7632-4808-a0b0-4cac8a1b2bdf
