world: world
x: 612.5980689507254
y: 69.0
z: -2020.4999915993826
yaw: 269.34735
pitch: -2.1123393
name: Sunnyside
lastowner: 17b65a67-f96e-425c-a184-477f067c53f9
