world: world
x: -2180.51794523272
y: 69.0
z: -215.47159005492202
yaw: 89.3054
pitch: -0.90000176
name: Westwood
lastowner: 17b65a67-f96e-425c-a184-477f067c53f9
