world: world
x: 1935.615988800858
y: 69.0
z: -791.2443267194241
yaw: 92.76425
pitch: 18.498127
name: Whitestone
lastowner: 17b65a67-f96e-425c-a184-477f067c53f9
