world: world
x: -1550.4933166156666
y: 69.0
z: 1095.5022628024658
yaw: -269.7052
pitch: 20.775362
name: Zetapier
lastowner: 17b65a67-f96e-425c-a184-477f067c53f9
